{
    "camera_angle_x": 0.7853981633974483,
    "w": 2048,
    "h": 2048,
    "frames": [
        {
            "file_path": "0.jpg",
            "transform_matrix": [
                [
                    -0.6908578305390732,
                    0.48486969679104575,
                    -0.5362991596264366,
                    -494.99999144518415
                ],
                [
                    -0.7229905263440416,
                    -0.4633202408257471,
                    0.5124636751392101,
                    473.00002294717257
                ],
                [
                    -8.899393888378345e-09,
                    0.7417787049293467,
                    0.6706445969638796,
                    619.000000504786
                ],
                [
                    0.0,
                    0.0,
                    0.0,
                    1.0
                ]
            ]
        },
        {
            "file_path": "1.jpg",
            "transform_matrix": [
                [
                    0.30152140043928,
                    0.6445445592017391,
                    -0.7026003847418704,
                    -818.9999339199288
                ],
                [
                    -0.9534594176134773,
                    0.20383016590994765,
                    -0.2221898937105889,
                    -258.99998025937884
                ],
                [
                    -7.975211094036544e-08,
                    0.7368959852144644,
                    0.6760061627853449,
                    787.9999308970082
                ],
                [
                    0.0,
                    0.0,
                    0.0,
                    1.0
                ]
            ]
        },
        {
            "file_path": "2.jpg",
            "transform_matrix": [
                [
                    0.3669131440069417,
                    -0.4611249247546993,
                    -0.8079223542595096,
                    -250.99997275082467
                ],
                [
                    -0.9302551420078777,
                    -0.18187842482680225,
                    -0.318662514330083,
                    -98.99997845596783
                ],
                [
                    -2.1391605181480598e-07,
                    0.8684953164016945,
                    -0.49569771885467345,
                    -153.99998635639184
                ],
                [
                    0.0,
                    0.0,
                    0.0,
                    1.0
                ]
            ]
        },
        {
            "file_path": "3.jpg",
            "transform_matrix": [
                [
                    0.5180977177498318,
                    0.03406066744057196,
                    -0.8546429757629693,
                    -279.0000108287591
                ],
                [
                    -0.8553213397157083,
                    0.020631679520530126,
                    -0.5176868341387236,
                    -169.00001774626884
                ],
                [
                    -8.95979574199362e-08,
                    0.999206737146002,
                    0.039821979258538844,
                    13.00000117734913
                ],
                [
                    0.0,
                    0.0,
                    0.0,
                    1.0
                ]
            ]
        },
        {
            "file_path": "4.jpg",
            "transform_matrix": [
                [
                    -0.7439847483513257,
                    0.21854295446618152,
                    0.6314474297536926,
                    528.9999869521105
                ],
                [
                    0.6681965071051386,
                    0.243330261424161,
                    0.7030674241851522,
                    588.9999878360386
                ],
                [
                    -7.955597522565169e-09,
                    0.9450022977632552,
                    -0.32706390482249204,
                    -273.9999820871823
                ],
                [
                    0.0,
                    0.0,
                    0.0,
                    1.0
                ]
            ]
        },
        {
            "file_path": "5.jpg",
            "transform_matrix": [
                [
                    0.2889702656961869,
                    -0.02069632092872146,
                    -0.9571143432858708,
                    -973.9999565694301
                ],
                [
                    -0.9573380069893095,
                    -0.006247370215153284,
                    -0.2889028669503323,
                    -293.99997545696226
                ],
                [
                    -1.8826250867450646e-07,
                    0.9997662869387469,
                    -0.021618723732144737,
                    -22.00000511529813
                ],
                [
                    0.0,
                    0.0,
                    0.0,
                    1.0
                ]
            ]
        },
        {
            "file_path": "6.jpg",
            "transform_matrix": [
                [
                    -0.13053500427821463,
                    0.4524088501263012,
                    -0.8822057301035933,
                    -318.99999676123673
                ],
                [
                    -0.9914437163232308,
                    -0.05956484683329112,
                    0.11615250093378691,
                    42.000007659590736
                ],
                [
                    5.974317032043212e-10,
                    0.8898193007498093,
                    0.45631315125011435,
                    165.0000099939616
                ],
                [
                    0.0,
                    0.0,
                    0.0,
                    1.0
                ]
            ]
        },
        {
            "file_path": "7.jpg",
            "transform_matrix": [
                [
                    -0.46586274773136493,
                    0.4907227079052837,
                    0.7363177787862967,
                    944.0000202663106
                ],
                [
                    0.8848570600913138,
                    0.25835677807881835,
                    0.38765906516525195,
                    497.00001828147106
                ],
                [
                    1.9521106392962652e-07,
                    0.8321316358060614,
                    -0.5545786682966576,
                    -710.9999950284574
                ],
                [
                    0.0,
                    0.0,
                    0.0,
                    1.0
                ]
            ]
        },
        {
            "file_path": "8.jpg",
            "transform_matrix": [
                [
                    -0.9596767749375988,
                    0.16321483692519195,
                    0.22886981159312927,
                    243.99999578339705
                ],
                [
                    0.281105780456021,
                    0.5572042791955973,
                    0.7813469633938194,
                    833.0000145477281
                ],
                [
                    2.0121755473110433e-07,
                    0.8141770728864617,
                    -0.5806166739149012,
                    -619.0000076466788
                ],
                [
                    0.0,
                    0.0,
                    0.0,
                    1.0
                ]
            ]
        },
        {
            "file_path": "9.jpg",
            "transform_matrix": [
                [
                    -0.8678492852559874,
                    -0.3077314854307256,
                    0.3900501732041114,
                    232.99999104076852
                ],
                [
                    0.4968276446366051,
                    -0.5375395904856378,
                    0.6813322344224778,
                    406.9999897488562
                ],
                [
                    1.011031434852928e-08,
                    0.7850812836612742,
                    0.6193927668757276,
                    369.9999967578065
                ],
                [
                    0.0,
                    0.0,
                    0.0,
                    1.0
                ]
            ]
        },
        {
            "file_path": "10.jpg",
            "transform_matrix": [
                [
                    -0.9874473330887987,
                    -0.10845270028753204,
                    0.11482937602636917,
                    146.99998985602124
                ],
                [
                    0.15794867108561214,
                    -0.6780136319794503,
                    0.7178787576680014,
                    918.999962668404
                ],
                [
                    -9.788836477923768e-08,
                    0.727004558127614,
                    0.686632664293616,
                    878.9999464433942
                ],
                [
                    0.0,
                    0.0,
                    0.0,
                    1.0
                ]
            ]
        },
        {
            "file_path": "11.jpg",
            "transform_matrix": [
                [
                    0.5079851947503453,
                    0.4963500250929066,
                    0.7039800093251589,
                    506.9999792078113
                ],
                [
                    0.8613658631509021,
                    -0.29271919165541455,
                    -0.41516774142864593,
                    -298.99998372446674
                ],
                [
                    -1.104095244142644e-08,
                    0.8172832366885595,
                    -0.5762360038053526,
                    -415.00001137173643
                ],
                [
                    0.0,
                    0.0,
                    0.0,
                    1.0
                ]
            ]
        },
        {
            "file_path": "12.jpg",
            "transform_matrix": [
                [
                    0.013019494845903503,
                    -0.6666219176780777,
                    -0.7452824251633232,
                    -767.9999336867199
                ],
                [
                    -0.9999152410363693,
                    -0.008679851699584832,
                    -0.00970423250250725,
                    -10.000003918814215
                ],
                [
                    1.8851280743802787e-07,
                    0.7453454762052645,
                    -0.6666785419290409,
                    -686.9999847169122
                ],
                [
                    0.0,
                    0.0,
                    0.0,
                    1.0
                ]
            ]
        },
        {
            "file_path": "13.jpg",
            "transform_matrix": [
                [
                    -0.8915789903471084,
                    -0.08700570907687462,
                    0.4444289043679551,
                    383.9999998887132
                ],
                [
                    0.4528652526744024,
                    -0.17129270684775755,
                    0.8749696581118013,
                    755.9999822100767
                ],
                [
                    -3.707137890788428e-09,
                    0.9813708625587994,
                    0.19212275596444245,
                    165.9999951843948
                ],
                [
                    0.0,
                    0.0,
                    0.0,
                    1.0
                ]
            ]
        },
        {
            "file_path": "14.jpg",
            "transform_matrix": [
                [
                    -0.8987836033338468,
                    0.09610880675788458,
                    -0.4277280835036574,
                    -279.0000068790016
                ],
                [
                    -0.43839264750307794,
                    -0.19704032051467069,
                    0.8769191831426916,
                    571.9999868258562
                ],
                [
                    -3.2474208732993296e-10,
                    0.9756732507995383,
                    0.21922989161560438,
                    142.99999665778782
                ],
                [
                    0.0,
                    0.0,
                    0.0,
                    1.0
                ]
            ]
        },
        {
            "file_path": "15.jpg",
            "transform_matrix": [
                [
                    -0.24593801161717338,
                    0.3899472513521015,
                    0.8873869556169675,
                    535.9999956310144
                ],
                [
                    0.9692855681979875,
                    0.09894183943913896,
                    0.2251577685831062,
                    135.99999198882014
                ],
                [
                    6.421654413252661e-10,
                    0.9155062707372461,
                    -0.4023038150691084,
                    -242.99999597118241
                ],
                [
                    0.0,
                    0.0,
                    0.0,
                    1.0
                ]
            ]
        },
        {
            "file_path": "16.jpg",
            "transform_matrix": [
                [
                    0.3616703027572913,
                    0.24035980464993048,
                    0.9007895062897386,
                    580.0000016057014
                ],
                [
                    0.9323060435497008,
                    -0.09324302350281667,
                    -0.349444127429018,
                    -224.99999975981288
                ],
                [
                    1.903296056297114e-09,
                    0.9661950233507464,
                    -0.2578121258997275,
                    -165.99999321251062
                ],
                [
                    0.0,
                    0.0,
                    0.0,
                    1.0
                ]
            ]
        },
        {
            "file_path": "17.jpg",
            "transform_matrix": [
                [
                    -0.9631963874746576,
                    -0.156868323432025,
                    0.21827779344223028,
                    143.9999949529263
                ],
                [
                    0.26879882420340634,
                    -0.5621117584723676,
                    0.7821622260630853,
                    516.0000128202719
                ],
                [
                    -4.657769811316551e-09,
                    0.8120484739753487,
                    0.5835898961168597,
                    385.00003505753006
                ],
                [
                    0.0,
                    0.0,
                    0.0,
                    1.0
                ]
            ]
        },
        {
            "file_path": "18.jpg",
            "transform_matrix": [
                [
                    -0.563040117787405,
                    0.39703129439429313,
                    -0.7248114848124432,
                    -433.000013664797
                ],
                [
                    -0.826429530050336,
                    -0.27049408487011106,
                    0.4938087626346425,
                    295.0000188840773
                ],
                [
                    1.99904980793844e-07,
                    0.8770398877710763,
                    0.4804175974504998,
                    286.9999890053087
                ],
                [
                    0.0,
                    0.0,
                    0.0,
                    1.0
                ]
            ]
        },
        {
            "file_path": "19.jpg",
            "transform_matrix": [
                [
                    0.9646938916686654,
                    0.1689895291279327,
                    0.20201031182396403,
                    260.9999801899019
                ],
                [
                    0.2633735134665459,
                    -0.6189806212165753,
                    -0.7399305368427326,
                    -955.9999289664927
                ],
                [
                    5.955609301583441e-09,
                    0.7670107451603498,
                    -0.6416342201000674,
                    -828.9999650434222
                ],
                [
                    0.0,
                    0.0,
                    0.0,
                    1.0
                ]
            ]
        },
        {
            "file_path": "20.jpg",
            "transform_matrix": [
                [
                    -0.8241740414521066,
                    -0.36322644802890747,
                    0.43451552974039914,
                    626.0000133723332
                ],
                [
                    0.5663365695018003,
                    -0.5285936927548502,
                    0.6323382040458214,
                    910.9999876761048
                ],
                [
                    1.1631002061928356e-07,
                    0.7672387174089313,
                    0.6413616590821456,
                    924.000002812097
                ],
                [
                    0.0,
                    0.0,
                    0.0,
                    1.0
                ]
            ]
        },
        {
            "file_path": "21.jpg",
            "transform_matrix": [
                [
                    -0.8003283898356982,
                    -0.20513574455240002,
                    0.5633772064166505,
                    657.0000489361161
                ],
                [
                    0.5995618857050884,
                    -0.27382635674799727,
                    0.7520270665294007,
                    877.0000422835133
                ],
                [
                    -2.1592117120534903e-07,
                    0.9396481038298454,
                    0.34214250041510613,
                    399.00001820025005
                ],
                [
                    0.0,
                    0.0,
                    0.0,
                    1.0
                ]
            ]
        },
        {
            "file_path": "22.jpg",
            "transform_matrix": [
                [
                    -0.6664986913901779,
                    0.6507273990856755,
                    0.3637768298558753,
                    368.0000006401686
                ],
                [
                    0.74550618766596,
                    0.5817641066797099,
                    0.3252242987676346,
                    329.00000648874834
                ],
                [
                    8.537314605528012e-09,
                    0.4879594071587598,
                    -0.8728665203887197,
                    -882.9999551488568
                ],
                [
                    0.0,
                    0.0,
                    0.0,
                    1.0
                ]
            ]
        },
        {
            "file_path": "23.jpg",
            "transform_matrix": [
                [
                    -0.20004891602254196,
                    0.6513849959799317,
                    -0.7319003384397897,
                    -861.9999365708718
                ],
                [
                    -0.9797859132552589,
                    -0.13299713185858797,
                    0.14943665486798197,
                    175.99997874539898
                ],
                [
                    1.7207483469424683e-07,
                    0.7470002302732702,
                    0.6648237331937801,
                    783.0000016272471
                ],
                [
                    0.0,
                    0.0,
                    0.0,
                    1.0
                ]
            ]
        },
        {
            "file_path": "24.jpg",
            "transform_matrix": [
                [
                    0.6196183327046467,
                    0.4281141986923809,
                    0.6578688785957082,
                    983.0000533754286
                ],
                [
                    0.7849032532289054,
                    -0.3379618319596539,
                    -0.5193348335141105,
                    -776.0000716948216
                ],
                [
                    -1.4467039854067553e-08,
                    0.8381528501438414,
                    -0.5454354255321406,
                    -815.0000240640869
                ],
                [
                    0.0,
                    0.0,
                    0.0,
                    1.0
                ]
            ]
        },
        {
            "file_path": "25.jpg",
            "transform_matrix": [
                [
                    -0.9727712344462709,
                    0.12075724153308202,
                    -0.19782306737919034,
                    -142.00001175784845
                ],
                [
                    -0.23176766587839187,
                    -0.5068400803370495,
                    0.8302995368378185,
                    595.9999789484085
                ],
                [
                    -8.33626215437507e-09,
                    0.8535400554976487,
                    0.5210268320232505,
                    373.99998052111414
                ],
                [
                    0.0,
                    0.0,
                    0.0,
                    1.0
                ]
            ]
        },
        {
            "file_path": "26.jpg",
            "transform_matrix": [
                [
                    0.2615728913627389,
                    -0.07705853158500484,
                    0.9621026726146109,
                    951.9999452973994
                ],
                [
                    0.9651836967886106,
                    0.02088346968455271,
                    -0.26073796664097,
                    -257.9999946100947
                ],
                [
                    8.929252085747593e-08,
                    0.9968078032210863,
                    0.07983814910533911,
                    78.99999266850425
                ],
                [
                    0.0,
                    0.0,
                    0.0,
                    1.0
                ]
            ]
        },
        {
            "file_path": "27.jpg",
            "transform_matrix": [
                [
                    -0.9204762198378528,
                    -0.239730024559874,
                    -0.30863093720135754,
                    -242.00000358640884
                ],
                [
                    -0.3907984684287048,
                    0.5646532877649012,
                    0.7269409746433696,
                    570.0000387606641
                ],
                [
                    -3.2844643035313364e-09,
                    0.7897443684337637,
                    -0.6134366047906942,
                    -481.0000285377282
                ],
                [
                    0.0,
                    0.0,
                    0.0,
                    1.0
                ]
            ]
        },
        {
            "file_path": "28.jpg",
            "transform_matrix": [
                [
                    -0.09167017619971475,
                    -0.8334816370113748,
                    0.5448898698869891,
                    554.0000064647895
                ],
                [
                    0.9957895074783757,
                    -0.0767284571869901,
                    0.05016127241688425,
                    51.00000665562306
                ],
                [
                    -1.0929392532026102e-10,
                    0.5471939054136493,
                    0.8370059428956954,
                    851.0000446977908
                ],
                [
                    0.0,
                    0.0,
                    0.0,
                    1.0
                ]
            ]
        },
        {
            "file_path": "29.jpg",
            "transform_matrix": [
                [
                    -0.5722080768175739,
                    0.5238887591742121,
                    -0.6309663312809878,
                    -482.9999991274743
                ],
                [
                    -0.8201084633632744,
                    -0.3655289850078439,
                    0.440239361517294,
                    336.99998859839184
                ],
                [
                    2.6292027514589506e-08,
                    0.7693693329354875,
                    0.6388041428745936,
                    489.0000100256631
                ],
                [
                    0.0,
                    0.0,
                    0.0,
                    1.0
                ]
            ]
        },
        {
            "file_path": "30.jpg",
            "transform_matrix": [
                [
                    -0.7808688339066253,
                    0.0653062903080242,
                    0.6212722189244313,
                    416.00000911077086
                ],
                [
                    0.6246950677319186,
                    0.08163245120785032,
                    0.776590122147366,
                    520.0000320694384
                ],
                [
                    9.354989589341348e-08,
                    0.9945205837961543,
                    -0.104540941634791,
                    -70.00000424946873
                ],
                [
                    0.0,
                    0.0,
                    0.0,
                    1.0
                ]
            ]
        },
        {
            "file_path": "31.jpg",
            "transform_matrix": [
                [
                    -0.8659739524729126,
                    0.1973379712085652,
                    -0.45950740408329216,
                    -353.99999387883463
                ],
                [
                    -0.5000892385456448,
                    -0.34171777252879365,
                    0.7957007200969395,
                    613.000024680008
                ],
                [
                    8.742776375129179e-08,
                    0.9188507841063299,
                    0.39460523103964695,
                    304.0000300164601
                ],
                [
                    0.0,
                    0.0,
                    0.0,
                    1.0
                ]
            ]
        },
        {
            "file_path": "32.jpg",
            "transform_matrix": [
                [
                    -0.8858316246390132,
                    -0.28723515613764133,
                    0.36441501937228976,
                    385.00000364364206
                ],
                [
                    0.46400675078003484,
                    -0.5483584568288522,
                    0.695701584886674,
                    734.9999385530267
                ],
                [
                    9.315860827377532e-08,
                    0.7853654455929182,
                    0.6190322520554381,
                    653.9999624893978
                ],
                [
                    0.0,
                    0.0,
                    0.0,
                    1.0
                ]
            ]
        },
        {
            "file_path": "33.jpg",
            "transform_matrix": [
                [
                    0.16051233547464513,
                    0.7503992884263914,
                    0.6411993521664102,
                    824.0000322477439
                ],
                [
                    0.9870338152369516,
                    -0.12203101904374986,
                    -0.10427260840005012,
                    -134.00001357768016
                ],
                [
                    -5.323121003398712e-08,
                    0.6496224624853242,
                    -0.7602572879898382,
                    -977.0000601012447
                ],
                [
                    0.0,
                    0.0,
                    0.0,
                    1.0
                ]
            ]
        },
        {
            "file_path": "34.jpg",
            "transform_matrix": [
                [
                    0.33964436659422786,
                    0.003276585659764425,
                    -0.9405483094776892,
                    -539.9999805364844
                ],
                [
                    -0.9405538827437319,
                    0.0011831199538885075,
                    -0.3396423907701157,
                    -194.9999942315204
                ],
                [
                    -5.778051967966637e-12,
                    0.9999939438256266,
                    0.0034836531249533356,
                    2.000004548672486
                ],
                [
                    0.0,
                    0.0,
                    0.0,
                    1.0
                ]
            ]
        },
        {
            "file_path": "35.jpg",
            "transform_matrix": [
                [
                    -0.8975912325526639,
                    -0.42565738408183545,
                    0.11465456031364638,
                    82.99999306007376
                ],
                [
                    0.44082870882016817,
                    -0.8667004113464122,
                    0.23345327392227422,
                    168.99999496220073
                ],
                [
                    -1.5565983067865656e-09,
                    0.26008856052797363,
                    0.9655847526808066,
                    698.9999724275432
                ],
                [
                    0.0,
                    0.0,
                    0.0,
                    1.0
                ]
            ]
        },
        {
            "file_path": "36.jpg",
            "transform_matrix": [
                [
                    -0.7545525448474258,
                    -0.40957220144056583,
                    -0.5127386847081461,
                    -801.0000055570201
                ],
                [
                    -0.6562395038199944,
                    0.4709313915871798,
                    0.5895533970720108,
                    921.0000801415206
                ],
                [
                    1.3886813571110249e-07,
                    0.7813285032698984,
                    -0.6241203439031056,
                    -975.0000752088935
                ],
                [
                    0.0,
                    0.0,
                    0.0,
                    1.0
                ]
            ]
        },
        {
            "file_path": "37.jpg",
            "transform_matrix": [
                [
                    -0.9839537323644117,
                    -0.0016384341880953989,
                    -0.17841617791574146,
                    -136.00000619687935
                ],
                [
                    -0.17842368360734473,
                    0.009035805322313666,
                    0.983912356106471,
                    749.9999936401781
                ],
                [
                    9.407918846150402e-08,
                    0.9999578668053334,
                    -0.00918328848667035,
                    -7.000004745472329
                ],
                [
                    0.0,
                    0.0,
                    0.0,
                    1.0
                ]
            ]
        },
        {
            "file_path": "38.jpg",
            "transform_matrix": [
                [
                    -0.908432548773144,
                    0.19968609365623494,
                    -0.3672543345027226,
                    -439.00000580014245
                ],
                [
                    -0.4180313847798345,
                    -0.43394154168273597,
                    0.7980880791431564,
                    953.9999892206253
                ],
                [
                    7.900629132772322e-08,
                    0.8785329235649311,
                    0.4776816432140568,
                    571.000032766332
                ],
                [
                    0.0,
                    0.0,
                    0.0,
                    1.0
                ]
            ]
        },
        {
            "file_path": "39.jpg",
            "transform_matrix": [
                [
                    -0.7310216397692407,
                    -0.14468709820370995,
                    -0.6668381895727351,
                    -673.0000304306002
                ],
                [
                    -0.6823542282860818,
                    0.1550064096604728,
                    0.7143987562152809,
                    721.0000078805241
                ],
                [
                    -4.614799668501611e-09,
                    0.97726082927383,
                    -0.21204114565128082,
                    -214.0000081797368
                ],
                [
                    0.0,
                    0.0,
                    0.0,
                    1.0
                ]
            ]
        },
        {
            "file_path": "40.jpg",
            "transform_matrix": [
                [
                    -0.7723258918440981,
                    -0.39019196135586764,
                    -0.5012617396847924,
                    -416.99999350003236
                ],
                [
                    -0.6352265298361041,
                    0.4744055576406006,
                    0.6094477003865579,
                    506.99997023422605
                ],
                [
                    -2.5725085992843968e-09,
                    0.7891068753842823,
                    -0.6142563877678624,
                    -511.00001125740965
                ],
                [
                    0.0,
                    0.0,
                    0.0,
                    1.0
                ]
            ]
        },
        {
            "file_path": "41.jpg",
            "transform_matrix": [
                [
                    0.6169827575200812,
                    0.3022233598765317,
                    -0.7266313902542142,
                    -911.9999989168234
                ],
                [
                    -0.7869766546054611,
                    0.2369404954274199,
                    -0.5696726645125118,
                    -714.999957380866
                ],
                [
                    4.278557907327472e-09,
                    0.9233202782851267,
                    0.38403093382662035,
                    481.999981768991
                ],
                [
                    0.0,
                    0.0,
                    0.0,
                    1.0
                ]
            ]
        },
        {
            "file_path": "42.jpg",
            "transform_matrix": [
                [
                    -0.920154705764779,
                    -0.37122090341504066,
                    0.12454097292806321,
                    80.00000832231841
                ],
                [
                    0.3915550732482682,
                    -0.8723692842692781,
                    0.2926712601947999,
                    188.00000273654138
                ],
                [
                    8.333750499077328e-09,
                    0.31806735478376796,
                    0.9480680498776423,
                    608.9999949185002
                ],
                [
                    0.0,
                    0.0,
                    0.0,
                    1.0
                ]
            ]
        },
        {
            "file_path": "43.jpg",
            "transform_matrix": [
                [
                    0.9312678718102716,
                    0.2579803204587088,
                    0.2572669146287749,
                    214.00000416230534
                ],
                [
                    0.3643351701783862,
                    -0.6594168676903105,
                    -0.6575936381853353,
                    -546.9999840953099
                ],
                [
                    -4.0796789102887445e-08,
                    0.7061271425906808,
                    -0.7080851042938249,
                    -588.9999831228375
                ],
                [
                    0.0,
                    0.0,
                    0.0,
                    1.0
                ]
            ]
        },
        {
            "file_path": "44.jpg",
            "transform_matrix": [
                [
                    -0.6254811710989762,
                    -0.13703239346629684,
                    -0.7681115807109398,
                    -725.9999700451317
                ],
                [
                    -0.7802393318109718,
                    0.10985257273694224,
                    0.6157589413496763,
                    581.9999842943043
                ],
                [
                    9.113110692899862e-08,
                    0.9844565118613905,
                    -0.17562878434328064,
                    -166.0000006016534
                ],
                [
                    0.0,
                    0.0,
                    0.0,
                    1.0
                ]
            ]
        },
        {
            "file_path": "45.jpg",
            "transform_matrix": [
                [
                    -0.9921846564134957,
                    0.07648689484486618,
                    -0.09858635524955146,
                    -124.00001282001621
                ],
                [
                    -0.12477780443274449,
                    -0.6081937266708075,
                    0.7839203398444721,
                    986.000101700923
                ],
                [
                    4.341819765406297e-09,
                    0.7900950046890098,
                    0.6129841309572,
                    771.0000163090623
                ],
                [
                    0.0,
                    0.0,
                    0.0,
                    1.0
                ]
            ]
        },
        {
            "file_path": "46.jpg",
            "transform_matrix": [
                [
                    -0.5657670044871378,
                    -0.3040529488953067,
                    -0.7664591481668317,
                    -873.0000273855594
                ],
                [
                    -0.8245651088958826,
                    0.20862251845589258,
                    0.5258983226056559,
                    599.0000283320649
                ],
                [
                    -9.684702836993157e-08,
                    0.9295312444859506,
                    -0.36874366856391905,
                    -419.9999917353769
                ],
                [
                    0.0,
                    0.0,
                    0.0,
                    1.0
                ]
            ]
        },
        {
            "file_path": "47.jpg",
            "transform_matrix": [
                [
                    0.3466930858088074,
                    -0.3587999931202719,
                    0.8666409164718701,
                    836.0000680864517
                ],
                [
                    0.937978563903649,
                    0.1326185259648279,
                    -0.32032548675612454,
                    -309.0000499090908
                ],
                [
                    5.219005930274671e-09,
                    0.9239453883534432,
                    0.3825246802801753,
                    369.00001313791915
